  10
1fgkA @2.0   0  73  86  87  87  85  80  84  81  73
1fmkA @1.5  73   0  82  89  89  85  77  83  89   7
1gz8A @1.3  86  82   0  86  85  62  84  78  72  81
1nxkA @2.7  87  89  86   0   2  85  85  78  87  89
1nxkB @2.7  87  89  85   2   0  85  85  78  87  88
1ua2A @3.0  85  85  62  85  85   0  82  79  73  85
1uwhA @3.0  80  77  84  85  85  82   0  81  85  76
1xjdA @2.0  84  83  78  78  78  79  81   0  81  83
1ywrA @2.0  81  89  72  87  87  73  85  81   0  88
2srcA @1.5  73   7  81  89  88  85  76  83  88   0
